QIANFAN-1               
1 60379U 24140A   25001.32435384  .00000109  00000+0  14768-3 0  9994
2 60379  88.9883 334.8035 0019127 129.0921 231.1935 13.51870555 20715
QIANFAN-2               
1 60380U 24140B   25001.79631721  .00000189  00000+0  27440-3 0  9999
2 60380  88.9874 334.6407 0014715 101.6272 258.6532 13.50905401 20839
QIANFAN-3               
1 60381U 24140C   25002.24887700  .00000236  00000+0  34749-3 0  9994
2 60381  88.9867 334.7523 0015707 111.6857 248.5969 13.50906135 20808
QIANFAN-4               
1 60382U 24140D   25001.89085609  .00000415  00000+0  59094-3 0  9992
2 60382  88.9890 334.6095 0015638  98.4773 261.8153 13.54381867 20873
QIANFAN-5               
1 60383U 24140E   25002.19959882  .00000214  00000+0  31283-3 0  9997
2 60383  88.9867 334.7838 0016765 122.2434 238.0345 13.50906629 20780
QIANFAN-6               
1 60384U 24140F   25001.23145188  .00000166  00000+0  17571-3 0  9998
2 60384  88.9883 334.5857 0015904 109.4513 250.8369 13.69400481 20825
QIANFAN-7               
1 60385U 24140G   25002.20282745  .00003002  00000+0  12237-2 0  9993
2 60385  88.9901 333.9602 0017460  92.1705 268.1488 14.27129521 21247
QIANFAN-8               
1 60386U 24140H   25001.27881803  .00000125  00000+0  16114-3 0  9992
2 60386  88.9895 334.7708 0017883 116.1110 244.1887 13.56192944 20709
QIANFAN-9               
1 60387U 24140J   25001.90740766  .00000400  00000+0  60033-3 0  9990
2 60387  88.9892 334.7814 0018047 111.0359 249.2724 13.50904819 20765
QIANFAN-10              
1 60388U 24140K   25001.65681745  .00000238  00000+0  19023-3 0  9996
2 60388  88.9893 334.3664 0018721  98.4632 261.8663 13.87486154 20733
QIANFAN-11              
1 60389U 24140L   25001.87450279  .00000402  00000+0  60485-3 0  9998
2 60389  88.9828 334.9431 0015928 110.4209 249.8655 13.50906222 20641
QIANFAN-12              
1 60390U 24140M   25002.19130726  .00000210  00000+0  30616-3 0  9998
2 60390  88.9872 334.8035 0014819 116.8572 243.4096 13.50906460 20768
QIANFAN-13              
1 60391U 24140N   25002.23659040  .00000209  00000+0  30532-3 0  9994
2 60391  88.9884 334.8561 0014595 119.0570 241.2045 13.50906605 20749
QIANFAN-14              
1 60392U 24140P   25002.26128005  .00000214  00000+0  31275-3 0  9991
2 60392  88.9863 334.8251 0018276 119.8633 240.4338 13.50906234 20756
QIANFAN-15              
1 60393U 24140Q   25002.26956313  .00000205  00000+0  29826-3 0  9992
2 60393  88.9886 334.6990 0014223 106.7695 253.5017 13.50904383 20832
QIANFAN-16              
1 60394U 24140R   25002.25715122  .00000203  00000+0  29577-3 0  9994
2 60394  88.9889 334.8097 0016133 122.8964 237.3742 13.50906028 20772
QIANFAN-17              
1 60395U 24140S   25002.25311421  .00000219  00000+0  32034-3 0  9998
2 60395  88.9901 334.8174 0016625 117.4019 242.8826 13.50909910 20767
QIANFAN-18              
1 60396U 24140T   24366.88481435  .00000167  00000+0  17545-3 0  9995
2 60396  88.9892 334.5512 0016877 100.0162 260.2906 13.69825505 20812
QIANFAN-19              
1 61552U 24185A   25001.90015015  .00005301  00000+0  27935-2 0  9994
2 61552  88.9919 117.3518 0006438 348.5536  11.5503 14.13815709 20934
QIANFAN-20              
1 61553U 24185B   25001.63750269  .00001732  00000+0  85754-3 0  9990
2 61553  88.9909 117.3661 0008346 350.6735   9.4296 14.16853267 20904
QIANFAN-21              
1 61554U 24185C   25001.87533885  .00009620  00000+0  43518-2 0  9995
2 61554  88.9833 117.2663 0012177  52.4722 307.7573 14.21899555 20955
QIANFAN-22              
1 61555U 24185D   25001.51258866  .00002148  00000+0  91895-3 0  9990
2 61555  88.9907 117.3280 0007883 346.2940  13.8037 14.24616328 20912
QIANFAN-23              
1 61556U 24185E   25001.51468461  .00001714  00000+0  81595-3 0  9999
2 61556  88.9907 117.3646 0008959 352.9453   7.1609 14.18938239 20896
QIANFAN-24              
1 61557U 24185F   25001.67741656  .00000947  00000+0  41303-3 0  9997
2 61557  88.9887 117.3119 0009332 357.0865   3.0271 14.23136196 20931
QIANFAN-25              
1 61558U 24185G   25001.36649932  .00000912  00000+0  38426-3 0  9992
2 61558  88.9905 117.3422 0007942 352.1833   7.9235 14.24903846 20899
QIANFAN-26              
1 61559U 24185H   25001.38433086  .00001175  00000+0  48429-3 0  9992
2 61559  88.9906 117.3270 0007407 353.6973   6.4126 14.26252741 20907
QIANFAN-27              
1 61560U 24185J   25001.49876297  .00002414  00000+0  98910-3 0  9998
2 61560  88.9912 117.3075 0007963 349.1883  10.9139 14.26884452 20922
QIANFAN-28              
1 61561U 24185K   25001.42625931  .00002316  00000+0  94766-3 0  9995
2 61561  88.9903 117.3110 0007979 350.0804  10.0231 14.26942376 20917
QIANFAN-29              
1 61562U 24185L   25001.39411015  .00000672  00000+0  35317-3 0  9998
2 61562  88.9906 117.4217 0008526 354.8667   5.2430 14.13021437 20850
QIANFAN-30              
1 61563U 24185M   25001.85631894  .00009741  00000+0  41765-2 0  9998
2 61563  88.9911 117.2864 0006988 343.9113  16.1857 14.24718101 20967
QIANFAN-31              
1 61564U 24185N   25001.63106376  .00003264  00000+0  15348-2 0  9999
2 61564  88.9910 117.3455 0007394 351.7277   8.3790 14.19791095 20915
QIANFAN-32              
1 61565U 24185P   25001.94651333  .00009903  00000+0  45117-2 0  9995
2 61565  88.9907 117.2970 0007903 352.2888   7.8180 14.21549420 20961
QIANFAN-33              
1 61566U 24185Q   25001.83586358  .00010008  00000+0  44428-2 0  9990
2 61566  88.9907 117.2996 0007976 348.5167  11.5841 14.22908106 20954
QIANFAN-34              
1 61567U 24185R   25001.65265649  .00004048  00000+0  16732-2 0  9992
2 61567  88.9908 117.2907 0008206 348.9766  11.1247 14.26543114 20947
QIANFAN-35              
1 61568U 24185S   25001.83713077  .00008211  00000+0  33590-2 0  9993
2 61568  88.9899 117.2542 0006380 355.8336   4.2803 14.27139415 20973
QIANFAN-36              
1 61569U 24185T   25001.79779664  .00000495  00000+0  25002-3 0  9999
2 61569  88.9909 117.3525 0007197 345.9181  14.1804 14.14683455 20923
QIANFAN-37              
1 62238U 24232B   25001.48200170  .00001698  00000+0  72359-3 0  9996
2 62238  88.9926  77.0062 0017976 126.4294 233.8559 14.24649873 52218
QIANFAN-38              
1 62239U 24232C   25001.90082041  .00005303  00000+0  22543-2 0  9995
2 62239  88.9925  76.9575 0016648 124.6273 235.6493 14.25060952 52276
QIANFAN-39              
1 62240U 24232D   25001.89905963  .00005463  00000+0  23238-2 0  9991
2 62240  88.9926  76.9574 0018296 124.9263 235.3652 14.25016482 52274
QIANFAN-40              
1 62241U 24232E   25001.88677765  .00005541  00000+0  23207-2 0  9990
2 62241  88.9925  76.9553 0018163 125.6587 234.6300 14.25826989 52274
QIANFAN-41              
1 62242U 24232F   25001.89760830  .00005500  00000+0  23435-2 0  9996
2 62242  88.9925  76.9569 0017402 128.1611 232.1153 14.24943478 52274
QIANFAN-42              
1 62243U 24232G   25001.89429763  .00005423  00000+0  22955-2 0  9994
2 62243  88.9925  76.9564 0016883 128.2079 232.0637 14.25281892 52284
QIANFAN-43              
1 62244U 24232H   25001.89626421  .00003803  00000+0  16121-2 0  9993
2 62244  88.9926  76.9565 0016946 123.8069 236.4740 14.25165258 20912
QIANFAN-44              
1 62245U 24232J   25001.95242273  .00005258  00000+0  21940-2 0  9991
2 62245  88.9924  76.9464 0017363 127.3004 232.9775 14.26023268 52291
QIANFAN-45              
1 62246U 24232K   25001.88735266  .00005525  00000+0  23281-2 0  9990
2 62246  88.9925  76.9552 0016888 128.0595 232.2125 14.25524176 52289
QIANFAN-46              
1 62247U 24232L   25001.61530534  .00001712  00000+0  73015-3 0  9998
2 62247  88.9926  76.9889 0016843 129.2797 230.9893 14.24626590 52247
QIANFAN-47              
1 62248U 24232M   25001.88833252  .00005359  00000+0  22707-2 0  9993
2 62248  88.9925  76.9555 0017162 127.4074 232.8684 14.25231399 52283
QIANFAN-48              
1 62249U 24232N   25001.88635723  .00005460  00000+0  23095-2 0  9991
2 62249  88.9925  76.9551 0018850 125.2344 235.0617 14.25306844 52280
QIANFAN-49              
1 62250U 24232P   25001.95557853  .00005496  00000+0  23089-2 0  9990
2 62250  88.9924  76.9469 0016948 125.4692 234.8086 14.25679775 20898
QIANFAN-50              
1 62251U 24232Q   25001.88709612  .00005449  00000+0  23049-2 0  9999
2 62251  88.9925  76.9553 0017565 126.2649 234.0170 14.25316034 20905
QIANFAN-51              
1 62252U 24232R   25001.88500278  .00005370  00000+0  22587-2 0  9996
2 62252  88.9924  76.9549 0016536 125.6476 234.6260 14.25615016 20906
QIANFAN-52              
1 62253U 24232S   25001.88700803  .00005389  00000+0  22704-2 0  9994
2 62253  88.9925  76.9552 0017634 128.2583 232.0200 14.25522636 20923
QIANFAN-53              
1 62254U 24232T   25001.88614277  .00005454  00000+0  23077-2 0  9991
2 62254  88.9925  76.9551 0016997 125.7816 234.4960 14.25304261 20937
QIANFAN-54              
1 62255U 24232U   25001.95530915  .00005403  00000+0  22777-2 0  9996
2 62255  88.9924  76.9468 0016739 126.4996 233.7742 14.25496808 52287